{
    "sfm_data_version": "0.3",
    "root_path": "software/SfM/input_images/Tropicana",
    "views": [
        {
            "key": 0,
            "value": {
                "polymorphic_id": 1073741824,
                "ptr_wrapper": {
                    "id": 2147483649,
                    "data": {
                        "local_path": "",
                        "filename": "IMG_1347.jpg",
                        "width": 4032,
                        "height": 3024,
                        "id_view": 0,
                        "id_intrinsic": 0,
                        "id_pose": 0
                    }
                }
            }
        },
        {
            "key": 1,
            "value": {
                "polymorphic_id": 1073741824,
                "ptr_wrapper": {
                    "id": 2147483650,
                    "data": {
                        "local_path": "",
                        "filename": "IMG_1348.jpg",
                        "width": 4032,
                        "height": 3024,
                        "id_view": 1,
                        "id_intrinsic": 0,
                        "id_pose": 1
                    }
                }
            }
        },
        {
            "key": 2,
            "value": {
                "polymorphic_id": 1073741824,
                "ptr_wrapper": {
                    "id": 2147483651,
                    "data": {
                        "local_path": "",
                        "filename": "IMG_1349.jpg",
                        "width": 4032,
                        "height": 3024,
                        "id_view": 2,
                        "id_intrinsic": 0,
                        "id_pose": 2
                    }
                }
            }
        },
        {
            "key": 3,
            "value": {
                "polymorphic_id": 1073741824,
                "ptr_wrapper": {
                    "id": 2147483652,
                    "data": {
                        "local_path": "",
                        "filename": "IMG_1350.jpg",
                        "width": 4032,
                        "height": 3024,
                        "id_view": 3,
                        "id_intrinsic": 0,
                        "id_pose": 3
                    }
                }
            }
        },
        {
            "key": 4,
            "value": {
                "polymorphic_id": 1073741824,
                "ptr_wrapper": {
                    "id": 2147483653,
                    "data": {
                        "local_path": "",
                        "filename": "IMG_1351.jpg",
                        "width": 4032,
                        "height": 3024,
                        "id_view": 4,
                        "id_intrinsic": 0,
                        "id_pose": 4
                    }
                }
            }
        },
        {
            "key": 5,
            "value": {
                "polymorphic_id": 1073741824,
                "ptr_wrapper": {
                    "id": 2147483654,
                    "data": {
                        "local_path": "",
                        "filename": "IMG_1352.jpg",
                        "width": 4032,
                        "height": 3024,
                        "id_view": 5,
                        "id_intrinsic": 0,
                        "id_pose": 5
                    }
                }
            }
        },
        {
            "key": 6,
            "value": {
                "polymorphic_id": 1073741824,
                "ptr_wrapper": {
                    "id": 2147483655,
                    "data": {
                        "local_path": "",
                        "filename": "IMG_1353.jpg",
                        "width": 4032,
                        "height": 3024,
                        "id_view": 6,
                        "id_intrinsic": 0,
                        "id_pose": 6
                    }
                }
            }
        },
        {
            "key": 7,
            "value": {
                "polymorphic_id": 1073741824,
                "ptr_wrapper": {
                    "id": 2147483656,
                    "data": {
                        "local_path": "",
                        "filename": "IMG_1354.jpg",
                        "width": 4032,
                        "height": 3024,
                        "id_view": 7,
                        "id_intrinsic": 0,
                        "id_pose": 7
                    }
                }
            }
        },
        {
            "key": 8,
            "value": {
                "polymorphic_id": 1073741824,
                "ptr_wrapper": {
                    "id": 2147483657,
                    "data": {
                        "local_path": "",
                        "filename": "IMG_1355.jpg",
                        "width": 4032,
                        "height": 3024,
                        "id_view": 8,
                        "id_intrinsic": 0,
                        "id_pose": 8
                    }
                }
            }
        },
        {
            "key": 9,
            "value": {
                "polymorphic_id": 1073741824,
                "ptr_wrapper": {
                    "id": 2147483658,
                    "data": {
                        "local_path": "",
                        "filename": "IMG_1356.jpg",
                        "width": 4032,
                        "height": 3024,
                        "id_view": 9,
                        "id_intrinsic": 0,
                        "id_pose": 9
                    }
                }
            }
        },
        {
            "key": 10,
            "value": {
                "polymorphic_id": 1073741824,
                "ptr_wrapper": {
                    "id": 2147483659,
                    "data": {
                        "local_path": "",
                        "filename": "IMG_1361.jpg",
                        "width": 4032,
                        "height": 3024,
                        "id_view": 10,
                        "id_intrinsic": 0,
                        "id_pose": 10
                    }
                }
            }
        },
        {
            "key": 11,
            "value": {
                "polymorphic_id": 1073741824,
                "ptr_wrapper": {
                    "id": 2147483660,
                    "data": {
                        "local_path": "",
                        "filename": "IMG_1362.jpg",
                        "width": 4032,
                        "height": 3024,
                        "id_view": 11,
                        "id_intrinsic": 0,
                        "id_pose": 11
                    }
                }
            }
        },
        {
            "key": 12,
            "value": {
                "polymorphic_id": 1073741824,
                "ptr_wrapper": {
                    "id": 2147483661,
                    "data": {
                        "local_path": "",
                        "filename": "IMG_1363.jpg",
                        "width": 4032,
                        "height": 3024,
                        "id_view": 12,
                        "id_intrinsic": 0,
                        "id_pose": 12
                    }
                }
            }
        },
        {
            "key": 13,
            "value": {
                "polymorphic_id": 1073741824,
                "ptr_wrapper": {
                    "id": 2147483662,
                    "data": {
                        "local_path": "",
                        "filename": "IMG_1364.jpg",
                        "width": 4032,
                        "height": 3024,
                        "id_view": 13,
                        "id_intrinsic": 0,
                        "id_pose": 13
                    }
                }
            }
        }
    ],
    "intrinsics": [
        {
            "key": 0,
            "value": {
                "polymorphic_id": 2147483649,
                "polymorphic_name": "pinhole_radial_k3",
                "ptr_wrapper": {
                    "id": 2147483663,
                    "data": {
                        "width": 4032,
                        "height": 3024,
                        "focal_length": 3484.7467318726128,
                        "principal_point": [
                            1996.7632339670459,
                            1517.0536124346978
                        ],
                        "disto_k3": [
                            0.13353875285058607,
                            -0.3864092596766435,
                            0.4443566491023026
                        ]
                    }
                }
            }
        }
    ],
    "extrinsics": [
        {
            "key": 0,
            "value": {
                "rotation": [
                    [
                        0.9990113670579679,
                        0.04174157761590172,
                        0.015294743773793328
                    ],
                    [
                        -0.041588497308781047,
                        0.9990828210511632,
                        -0.010193800667414138
                    ],
                    [
                        -0.01570622107853603,
                        0.009547637329994955,
                        0.9998310643507967
                    ]
                ],
                "center": [
                    0.009012511702781615,
                    -0.01378158423612218,
                    0.0016554578555296734
                ]
            }
        },
        {
            "key": 1,
            "value": {
                "rotation": [
                    [
                        0.9865709725448638,
                        -0.16262215351197788,
                        0.015223380669495966
                    ],
                    [
                        0.159512781766511,
                        0.939260289839696,
                        -0.303884485262673
                    ],
                    [
                        0.03511963247232396,
                        0.3022319359653724,
                        0.9525872497034756
                    ]
                ],
                "center": [
                    -0.15498583648302356,
                    -0.6096918389925595,
                    -0.02764195098021441
                ]
            }
        },
        {
            "key": 2,
            "value": {
                "rotation": [
                    [
                        0.9194527335165985,
                        -0.3855912221863074,
                        0.07698103793613497
                    ],
                    [
                        0.343113822114172,
                        0.6911840055265333,
                        -0.6360326843633916
                    ],
                    [
                        0.19204055796383025,
                        0.6112152484004036,
                        0.7678127012623415
                    ]
                ],
                "center": [
                    -0.3611553766227815,
                    -1.0676988603957456,
                    0.3394358889013948
                ]
            }
        },
        {
            "key": 3,
            "value": {
                "rotation": [
                    [
                        0.8030457052331426,
                        -0.5392755747222531,
                        0.2535733618000681
                    ],
                    [
                        0.43996821163185859,
                        0.24953949035674617,
                        -0.8626459386712253
                    ],
                    [
                        0.40192731688710667,
                        0.8043083346953946,
                        0.4376557262043446
                    ]
                ],
                "center": [
                    -0.7452917070544822,
                    -1.433766261221746,
                    0.8715757838558913
                ]
            }
        },
        {
            "key": 4,
            "value": {
                "rotation": [
                    [
                        0.5407835953521513,
                        -0.627825327898082,
                        0.5598110937161452
                    ],
                    [
                        0.5466695115011043,
                        -0.24349233073908695,
                        -0.8011641093224229
                    ],
                    [
                        0.6393008276180666,
                        0.7392880646411878,
                        0.21153630725230658
                    ]
                ],
                "center": [
                    -1.2612689940303477,
                    -1.4047134543333877,
                    1.43566987938142
                ]
            }
        },
        {
            "key": 5,
            "value": {
                "rotation": [
                    [
                        0.4567784001914181,
                        -0.46916081158872477,
                        0.7558052831172708
                    ],
                    [
                        0.4759001529838632,
                        -0.5889423058081045,
                        -0.6531967581206819
                    ],
                    [
                        0.7515800273480557,
                        0.6580540200461069,
                        -0.04574242224296336
                    ]
                ],
                "center": [
                    -1.3363818581867284,
                    -1.0336201017744163,
                    1.7510021741818518
                ]
            }
        },
        {
            "key": 6,
            "value": {
                "rotation": [
                    [
                        0.9895077586915426,
                        -0.11559535541111778,
                        -0.08667242523788704
                    ],
                    [
                        0.08770266426168567,
                        0.9572973122252142,
                        -0.2754815759497952
                    ],
                    [
                        0.11481567040540153,
                        0.26498975416751138,
                        0.9573911384672411
                    ]
                ],
                "center": [
                    -0.46391557048713846,
                    -0.46504155536023286,
                    0.03455091896013861
                ]
            }
        },
        {
            "key": 7,
            "value": {
                "rotation": [
                    [
                        0.6158774103617324,
                        -0.7821338641068915,
                        0.09466590739727361
                    ],
                    [
                        0.4901554833540397,
                        0.2863197458457897,
                        -0.8232670315740636
                    ],
                    [
                        0.616800306050584,
                        0.5534325810394842,
                        0.5597050658158105
                    ]
                ],
                "center": [
                    -1.1812152504743885,
                    -1.1256477531522647,
                    0.5476248008331702
                ]
            }
        },
        {
            "key": 8,
            "value": {
                "rotation": [
                    [
                        0.8752778746098555,
                        -0.48073388091164828,
                        -0.05275962435498576
                    ],
                    [
                        0.37294733630650236,
                        0.7404018243804001,
                        -0.5592096411866123
                    ],
                    [
                        0.30789434317690658,
                        0.4697872648314343,
                        0.8273457555592226
                    ]
                ],
                "center": [
                    -0.5860683986519407,
                    -0.7226750574434703,
                    0.38316213265512535
                ]
            }
        },
        {
            "key": 9,
            "value": {
                "rotation": [
                    [
                        0.694137815035688,
                        -0.5705196464811853,
                        0.43895333090940799
                    ],
                    [
                        0.43261512824525019,
                        -0.15675037520234889,
                        -0.8878476618695735
                    ],
                    [
                        0.5753406334953464,
                        0.8061864876397435,
                        0.13800906707990993
                    ]
                ],
                "center": [
                    -1.0800325996800458,
                    -1.3614375254553093,
                    1.2748520588998678
                ]
            }
        },
        {
            "key": 10,
            "value": {
                "rotation": [
                    [
                        0.969944973425095,
                        0.20287286895169424,
                        -0.13434786031307123
                    ],
                    [
                        -0.15298925241271414,
                        0.9378105926137371,
                        0.3116176840740427
                    ],
                    [
                        0.18921162008077267,
                        -0.2816982275854425,
                        0.9406620388862461
                    ]
                ],
                "center": [
                    -0.44334640821778867,
                    0.47118555058988006,
                    -0.1503694071724958
                ]
            }
        },
        {
            "key": 11,
            "value": {
                "rotation": [
                    [
                        0.9852050851359278,
                        -0.0627505017225039,
                        -0.1594782579409598
                    ],
                    [
                        0.03676584097670946,
                        0.9862780216909101,
                        -0.16094700017937575
                    ],
                    [
                        0.16738940575671028,
                        0.15270245074339409,
                        0.9739931972952258
                    ]
                ],
                "center": [
                    -0.3375868470660642,
                    -0.3203562446624553,
                    -0.031061600182702498
                ]
            }
        },
        {
            "key": 12,
            "value": {
                "rotation": [
                    [
                        0.9726985224347969,
                        -0.2006308822651867,
                        0.11663975966477144
                    ],
                    [
                        0.22907945821374407,
                        0.9105290237819845,
                        -0.34417945707889599
                    ],
                    [
                        -0.037150858370437769,
                        0.3615026223032399,
                        0.931630649876989
                    ]
                ],
                "center": [
                    -0.05210757182677425,
                    -0.5479737250109252,
                    0.1686617534521684
                ]
            }
        },
        {
            "key": 13,
            "value": {
                "rotation": [
                    [
                        0.9892564801742207,
                        0.12283846757851201,
                        0.07926113370545836
                    ],
                    [
                        -0.12999881514318718,
                        0.9871822166003589,
                        0.09258282394358897
                    ],
                    [
                        -0.06687244944429013,
                        -0.10189201200763971,
                        0.9925452601238676
                    ]
                ],
                "center": [
                    -0.02100063173209547,
                    0.19687582744291799,
                    0.12670364884098657
                ]
            }
        }
    ],
    "structure": [],
    "control_points": []
}